4.233375229442579157e-01
4.247401680917857747e-01
4.242233477597217028e-01
4.214807042370809498e-01
4.193797540100970278e-01
4.195608970171039731e-01
4.218098475239892009e-01
4.252096426917838512e-01
4.286172395899351395e-01
4.318336183263604688e-01
4.363432654979851333e-01
4.443499597962046188e-01
4.584686309321904241e-01
4.837817899157668133e-01
5.276645766504028945e-01
5.957611943483865913e-01
6.901634848525775023e-01
8.097364871608473402e-01
9.484066969241209399e-01
1.094618183710915904e+00
1.236072606474557523e+00
1.365261736746793186e+00
1.481692553617443231e+00
1.590769983166917090e+00
1.696427377555043803e+00
1.792206261623119801e+00
1.863333404587607989e+00
1.895332442626938008e+00
1.874302177683146109e+00
1.786537242636512257e+00
1.633073031535346775e+00
1.438769929675991932e+00
1.232057195888386358e+00
1.029069563876399807e+00
8.454521648797187483e-01
6.992470562392860689e-01
5.974525688416720826e-01
5.335667017957288483e-01
4.958333272483187448e-01
4.736860244351847049e-01
4.604028520742272645e-01
4.534560660432698231e-01
4.514037149191156839e-01
4.513225008937606919e-01
4.509159531351093486e-01
4.491652306038692588e-01
4.449180556111592688e-01
4.391071934892943895e-01
4.370669761835846989e-01
4.472556351155342336e-01
4.786159604959841496e-01
5.392339757305867343e-01
6.372552432581455317e-01
7.811053894996494718e-01
9.733196246536353069e-01
1.199552331483200618e+00
1.429923467958547967e+00
1.633561159680490427e+00
1.787495237006420767e+00
1.882821963499017981e+00
1.928618727203358585e+00
1.942171906706285922e+00
1.934592695002314455e+00
1.905809838654272781e+00
1.845355492320249535e+00
1.736952164776528917e+00
1.573147026753924260e+00
1.369931121626688952e+00
1.159902994747935345e+00
9.713540573558381297e-01
8.191884933557144199e-01
7.065399782025026942e-01
6.272122587399535654e-01
5.707393069850190681e-01
5.281493671717280014e-01
4.951146484936923553e-01
4.721546032014279914e-01
4.607590492612089195e-01
4.581191373536682709e-01
4.580336066206932011e-01
4.571800142208217732e-01
4.566821942474591500e-01
4.584077735692824174e-01
4.631288087616757809e-01
4.719860724001956331e-01
4.916642212950955160e-01
5.382422045501747965e-01
6.286972195356549387e-01
7.677018673793711834e-01
9.495315890099249589e-01
1.164880740606557774e+00
1.393440715188408507e+00
1.601468807595404886e+00
1.761018636800775194e+00
1.866161788888187179e+00
1.925916090780042111e+00
1.948775901033036995e+00
1.937186422933841135e+00
1.886566602837454809e+00
1.778315019910525319e+00
1.585811049160507302e+00
1.313405824061703253e+00
1.023064375451944397e+00
7.937241502533949333e-01
6.572210994658600480e-01
5.908377833071214447e-01
5.591232215925248106e-01
5.420119012467343733e-01
5.321979456611543036e-01
5.271861088792819672e-01
5.256773833155397035e-01
5.244558560656257251e-01
5.199333204114681140e-01
5.133265619930809098e-01
5.091453832899560661e-01
5.086795256924184772e-01
5.096330941110992496e-01
5.102447950296691292e-01
5.102792989902554810e-01
5.102536470539389413e-01
5.106130281623646461e-01
5.105428860687903914e-01
5.092547753652520992e-01
5.076025756647654097e-01
5.070969630800585826e-01
5.092711465402969262e-01
5.143000032813146438e-01
5.189076207703311461e-01
